-0.082258; -0.084793; 0.83368
-0.081415; -0.082385; 0.83391
-0.08184; -0.088705; 0.83384
-0.082294; -0.088088; 0.83384
-0.082905; -0.078209; 0.83357
-0.082953; -0.076707; 0.83355

-0.084596; -0.1011; 0.83447
-0.085339; -0.10162; 0.83434
-0.084809; -0.099906; 0.8342

0.021443; -0.026497; 0.71849
0.021441; -0.027638; 0.71886
0.021226; -0.027874; 0.71939
0.021226; -0.028369; 0.71914
0.021193; -0.027435; 0.7193

0.0037431; -0.15038; 0.66787
0.003626; -0.14955; 0.66819
0.0037301; -0.14931; 0.66795
Position
0.0041242; -0.14732; 0.66812
0.0046415; -0.1494; 0.66784
0.0046017; -0.14913; 0.66799

0.0057338; -0.16457; 0.66816
0.0056912; -0.16483; 0.66827
0.0053407; -0.16483; 0.66837
0.0056673; -0.16409; 0.66818
OK

Expected:
x 0
y -0.164
z 0.73

got
-0.017622; -0.17447; 0.73957
-0.016295; -0.17541; 0.73927

exp;
0.18
71.5

x ~ 0
y ~ 5.7
z ~ 70

-0.0013027; -0.039519; 0.69138
-0.003875; -0.036427; 0.69252
0.0034318; -0.043671; 0.69037

0.01038; -0.058012; 0.73135
